function T = fwkin3001(q)
    m = tdh(-q(1), 0.135, 0, -90) * tdh(-q(2), 0, 0.175, 0) * tdh(-q(3)+90, 0, 0.16928, 90);
    T = [m(1,4) m(2,4) m(3,4)];
end
